770 5010
5310 9550
10160 14700
15010 18950
19250 24100
24400 28640
28950 33490
33800 39400
39860 43800
44100 49100
49550 53490
53800 58800
59250 60800
64100 65610
65920 68490
68950 72890
73800 75310
76180 78040
80760 82430
82580 85610
85920 87430
87730 90160
90310 92580
92730 95310
95610 99100
99250 104100
104250 108800
108950 113190
113800 119400
119860 123800
124100 129100
129550 133490
133800 138950
139250 143800
144100 145610
145920 148490
148950 153490
153800 155310
155610 158190
168950 171070
171370 173490
173800 176070
176370 177580
178460 180160
180460 183800
184100 186220
186520 189400
189550 192130
192280 195310
195610 196980
197130 203190
203490 205610
205760 210670
211070 215460
215610 220160
220460 226070
226520 230460
230760 235760
236220 240160
240460 245460
245920 250610
250760 252280
252580 255160
255610 260160
260460 261980
262280 264860
281670 284400
284400 286400
